%YAML:1.0
---
camera_matrix: !!opencv-matrix
   rows: 3
   cols: 3
   dt: d
   data: [ 8.4566372629308753e+04, 0., 8.6820887533391874e+02, 0.,
       1.4515090122899454e+05, 7.3267899551472499e+02, 0., 0., 1. ]
distortion_coefficients: !!opencv-matrix
   rows: 1
   cols: 5
   dt: d
   data: [ -1.5481428220403850e+03, -3.1750229135481062e+04,
       -2.3626696274212455e+00, 3.2375706418918186e+00,
       -1.2598490383998292e+02 ]
